GUUUUUAUCUUACACACGCUUGUGUAAGAUAGUUA
E 1 -0.00973 3.85342
E 2 -0.01946 7.94526
E 3 -0.02919 7.94161
E 4 -0.03892 7.93461
E 5 -0.04836 7.52378
E 6 -0.05613 6.52049
E 7 -0.06213 5.53018
E 8 -0.06349 4.01527
E 9 -0.04963 2.42519
E 10 -0.05836 1.74526
E 11 -0.06679 1.15296
E 12 -0.06537 0.75417
E 13 -0.05429 0.54306
E 14 -0.05474 0.25720
E 15 -0.04596 0.14347
E 16 -0.04566 0.09008
E 17 -0.04506 0.07031
E 18 -0.03163 0.00942
E 19 -0.03360 -0.05377
E 20 -0.03671 -0.06608
E 21 -0.04202 -0.07296
E 22 -0.01129 -0.07154
E 23 0.07078 -0.07589
E 24 0.47601 -0.07114
E 25 1.11188 -0.07605
E 26 1.71922 -0.07118
E 27 2.41482 -0.06596
E 28 4.01612 -0.06123
E 29 5.52600 -0.05561
E 30 6.51211 -0.04864
E 31 7.52048 -0.03892
E 32 7.94025 -0.02919
E 33 7.93448 -0.01946
E 34 7.92737 -0.00973
E 35 7.94914 0.00000
P 1 5 -7.75897 7.04789
P 1 6 -5.83222 6.05613
P 2 7 -5.34345 5.49441
P 1 8 -4.46878 3.63299
P 1 9 -4.74265 3.35954
P 14 20 -6.03344 4.34769
P 16 20 -7.37286 9.16687
P 14 21 -6.58919 6.07265
P 16 21 -5.92744 13.58697
P 17 22 -5.78757 8.21840
P 15 22 -4.58086 12.49684
P 13 22 -5.08161 4.64544
P 14 23 -2.57957 10.50888
P 12 23 -3.07518 2.09146
P 16 23 -3.73833 5.95827
P 15 24 -2.61555 4.48155
P 13 24 -1.47792 9.41871
P 14 25 -0.63058 1.79506
P 12 25 0.50616 7.43029
P 11 26 1.50331 6.43103
P 10 26 -2.83400 1.00131
P 10 27 2.26078 5.67772
P 8 28 -0.86346 -1.08260
P 9 28 3.57469 4.36655
P 8 29 5.67753 2.24644
P 5 29 -1.61027 0.05430
P 6 29 -0.60098 -0.05046
P 1 30 -1.44061 -0.51300
P 7 30 6.52343 1.31865
P 10 31 -4.42435 2.56825
P 8 31 -1.06024 -0.24510
P 3 31 1.31620 0.64741
P 4 31 2.22697 0.15113
P 5 31 3.15164 0.11888
P 6 31 7.52147 0.12027
P 2 31 0.52189 -0.51241
P 8 32 -0.88148 0.18093
P 9 32 -2.66008 1.20855
P 3 32 3.48719 -1.13679
P 4 32 4.40166 -1.18529
P 5 32 8.04086 -1.17600
P 6 32 3.60526 -1.18023
P 2 32 2.58653 -0.25216
P 1 33 2.76239 -0.49535
P 7 33 0.47363 -0.28637
P 29 34 -5.19194 3.57211
P 1 34 2.34067 -0.47409
P 7 34 -0.20634 0.86131
P 30 35 -5.60198 5.17818
P 3 35 3.61687 -0.41581
P 4 35 3.17098 -0.42554
P 5 35 1.86425 -0.43527
P 6 35 1.25892 -0.44472
P 2 35 4.16826 -0.46395
